0.001 10
1893.0
1893.0
2000.0
1916.0
1894.0
1968.0
1861.0
1843.0
1956.0
1929.0
1875.0
1943.0
1969.0
1884.0
1933.0
1929.0
1788.0
1906.0
1919.0
1969.0
1820.0
1898.0
2004.0
1854.0
1938.0
1978.0
1843.0
1938.0
1951.0
1903.0
1992.0
1925.0
1826.0
1969.0
1902.0
1854.0
1959.0
1875.0
1894.0
2022.0
1871.0
1894.0
1915.0
1820.0
1951.0
1956.0
1925.0
1986.0
1991.0
1912.0
1968.0
1879.0
1861.0
1920.0
1825.0
1857.0
1965.0
1876.0
2008.0
2008.0
1885.0
1921.0
1965.0
1875.0
1943.0
1991.0
1879.0
1908.0
1898.0
1862.0
1978.0
1969.0
1884.0
1921.0
1906.0
1906.0
1969.0
1902.0
1982.0
2021.0
1912.0
1982.0
1995.0
1908.0
1991.0
1915.0
1876.0
2005.0
1929.0
1930.0
1991.0
1879.0
1938.0
2021.0
1888.0
1952.0
1996.0
1876.0
1929.0
1943.0
1867.0
1965.0
1893.0
1912.0
2038.0
1889.0
1893.0
2008.0
1930.0
1912.0
1951.0
1872.0
2004.0
1951.0
1915.0
2008.0
1942.0
1871.0
1991.0
1915.0
1920.0
2001.0
1903.0
1929.0
1988.0
1867.0
1956.0
1955.0
1831.0
1924.0
1919.0
1849.0
1987.0
2001.0
1898.0
1982.0
1929.0
1830.0
1930.0
1899.0
2264.0
3463.0
6662.0
10131.0
11848.0
14171.0
17446.0
19774.0
21768.0
24342.0
26884.0
28756.0
30007.0
31887.0
33816.0
35123.0
35149.0
35928.0
37638.0
37635.0
36973.0
37314.0
37211.0
36924.0
36642.0
36380.0
36065.0
35617.0
34926.0
34783.0
34820.0
34171.0
33342.0
32921.0
32563.0
32101.0
31476.0
30908.0
30451.0
30004.0
29463.0
28889.0
28759.0
28405.0
27623.0
27148.0
26990.0
26525.0
25829.0
25538.0
25001.0
24675.0
24301.0
23742.0
23481.0
23019.0
22377.0
21958.0
22007.0
21225.0
20666.0
20619.0
20093.0
19672.0
19406.0
18894.0
18479.0
18094.0
17685.0
17448.0
17170.0
16705.0
16366.0
16109.0
15827.0
15334.0
14899.0
14568.0
14216.0
13832.0
13387.0
13172.0
12866.0
12342.0
12089.0
11839.0
11474.0
11294.0
11013.0
10376.0
9987.0
9755.0
9450.0
9162.0
8672.0
8344.0
8197.0
7791.0
7426.0
7281.0
6823.0
6452.0
6324.0
5984.0
5659.0
5299.0
4927.0
4703.0
4369.0
4065.0
3852.0
3462.0
3030.0
2904.0
2559.0
2288.0
1830.0
1733.0
1079.0
1079.0
863.0
179.0
709.0
382.0
1085.0
939.0
612.0
509.0
237.0
350.0
517.0
648.0
350.0
346.0
723.0
8722.0
13951.0
5411.0
8400.0
3283.0
442.0
4568.0
3076.0
320.0
1352.0
2781.0
1528.0
2422.0
2573.0
1863.0
2211.0
2220.0
1804.0
1971.0
2193.0
2088.0
1855.0
2168.0
2065.0
1790.0
2310.0
2087.0
1735.0
2244.0
2169.0
1960.0
2058.0
2159.0
1983.0
1817.0
2210.0
2185.0
1855.0
2045.0
2192.0
2018.0
2125.0
2189.0
2032.0
1965.0
2039.0
1982.0
2105.0
1969.0
1907.0
2056.0
2053.0
2083.0
2051.0
1939.0
2133.0
2096.0
1831.0
2061.0
2070.0
1951.0
2044.0
1982.0
2070.0
2051.0
1992.0
2027.0
2009.0
1929.0
2078.0
1925.0
1969.0
2095.0
2000.0
2051.0
2005.0
1938.0
2034.0
1978.0
1978.0
1972.0
1995.0
2047.0
1934.0
1934.0
2038.0
2047.0
1912.0
1991.0
1952.0
1885.0
2038.0
1921.0
1892.0
2004.0
1934.0
1965.0
2013.0
1977.0
1999.0
1889.0
1820.0
1991.0
1938.0
1820.0
1955.0
1961.0
1898.0
1965.0
1938.0
1862.0
1981.0
1898.0
1897.0
1951.0
1848.0
1948.0
1961.0
1848.0
1969.0
1938.0
1857.0
1968.0
1929.0
1802.0
1977.0
1929.0
1888.0
1840.0
1972.0
1977.0
1925.0
1982.0
1956.0
1898.0
1996.0
2008.0
1893.0
1929.0
1938.0
1830.0
1969.0
1934.0
1898.0
1912.0
2004.0
1875.0
1924.0
1987.0
1906.0
1915.0
1929.0
1852.0
1982.0
1951.0
1903.0
2035.0
1929.0
1881.0
1961.0
1879.0
1912.0
2012.0
1943.0
1992.0
2009.0
1893.0
1912.0
1919.0
1866.0
2027.0
1973.0
1840.0
1991.0
1902.0
1885.0
2005.0
1875.0
1942.0
2038.0
1893.0
1978.0
2070.0
1991.0
1991.0
1968.0
1911.0
2027.0
1951.0
1894.0
2005.0
1959.0
1919.0
2008.0
1982.0
1933.0
1978.0
1889.0
1969.0
1986.0
1912.0
2034.0
2017.0
1978.0
1974.0
1872.0
1919.0
2031.0
1902.0
1982.0
2008.0
1908.0
1978.0
1961.0
1879.0
1969.0
1929.0
1879.0
2044.0
1912.0
1885.0
2038.0
1965.0
1995.0
1969.0
1889.0
1946.0
1996.0
1903.0
1974.0
1921.0
1893.0
1991.0
1919.0
1946.0
2022.0
1943.0
1946.0
2005.0
1908.0
2001.0
2022.0
1908.0
1973.0
1995.0
1888.0
2008.0
1925.0
1964.0
2021.0
1912.0
1924.0
1986.0
1843.0
1912.0
1996.0
1871.0
1969.0
1992.0
1893.0
2014.0
1929.0
1876.0
1983.0
1913.0
2052.0
2884.0
5689.0
9306.0
11077.0
12633.0
16145.0
19363.0
21004.0
23020.0
25930.0
27875.0
29120.0
31191.0
33125.0
35156.0
35709.0
35637.0
37857.0
37859.0
36989.0
36755.0
37448.0
37204.0
36762.0
36934.0
36540.0
35777.0
35299.0
35081.0
34470.0
29783.0
34188.0
29045.0
33873.0
29310.0
33279.0
28920.0
32948.0
27860.0
32308.0
27049.0
31491.0
26714.0
30984.0
26719.0
25270.0
30670.0
26087.0
24845.0
30343.0
25307.0
23124.0
22753.0
22352.0
21779.0
21394.0
20962.0
20522.0
20308.0
20006.0
19489.0
18965.0
18675.0
18389.0
17931.0
17576.0
17228.0
16840.0
16537.0
16248.0
15874.0
15384.0
15095.0
14721.0
14308.0
14040.0
13727.0
13369.0
12998.0
12809.0
12389.0
11832.0
11630.0
11359.0
10912.0
10553.0
10145.0
9806.0
9544.0
9174.0
8943.0
8585.0
8151.0
7914.0
7557.0
7227.0
6970.0
6583.0
6259.0
6015.0
5787.0
5318.0
4942.0
4801.0
4435.0
4077.0
3867.0
3528.0
3091.0
2895.0
2683.0
2141.0
2028.0
1794.0
1110.0
1110.0
1018.0
781.0
144.0
915.0
322.0
610.0
974.0
588.0
441.0
656.0
411.0
470.0
400.0
699.0
626.0
6477.0
13743.0
9088.0
8210.0
1215.0
2737.0
4459.0
1894.0
1332.0
1477.0
2402.0
1958.0
2366.0
2553.0
1867.0
2122.0
2177.0
1729.0
2075.0
2260.0
2028.0
2070.0
2087.0
2152.0
1983.0
2015.0
2310.0
1989.0
1877.0
2160.0
1952.0
1953.0
2088.0
1944.0
2247.0
2226.0
1949.0
2134.0
2066.0
1957.0
2205.0
2126.0
1886.0
2022.0
1996.0
1988.0
2074.0
2057.0
2087.0
2040.0
2077.0
2121.0
1868.0
2048.0
2057.0
1991.0
2117.0
2077.0
2056.0
2100.0
1939.0
2030.0
2104.0
1952.0
1974.0
2112.0
1983.0
1995.0
2070.0
2061.0
2018.0
1925.0
2038.0
2115.0
1964.0
2000.0
2017.0
1939.0
2099.0
2021.0
1946.0
2031.0
1908.0
1959.0
2038.0
1908.0
1981.0
2038.0
1928.0
1977.0
1968.0
1956.0
1982.0
1884.0
1938.0
2025.0
1938.0
1943.0
1981.0
1871.0
1854.0
1916.0
1925.0
1999.0
1947.0
1853.0
2008.0
1951.0
1870.0
2013.0
1879.0
1834.0
1938.0
1861.0
1861.0
1956.0
1848.0
1902.0
1974.0
1854.0
1875.0
1938.0
1875.0
1952.0
1906.0
1898.0
1987.0
1861.0
1848.0
1982.0
1912.0
1888.0
1965.0
1849.0
1948.0
1912.0
1861.0
1977.0
1946.0
1854.0
1987.0
1938.0
1852.0
1969.0
1948.0
1844.0
1987.0
1929.0
1888.0
1996.0
1902.0
1867.0
1987.0
1858.0
1921.0
2004.0
1861.0
1929.0
1978.0
1820.0
1951.0
1955.0
1834.0
1925.0
1925.0
1879.0
1951.0
1876.0
1906.0
1964.0
1888.0
1899.0
1978.0
1899.0
1969.0
2012.0
1888.0
1951.0
1969.0
1898.0
2001.0
1943.0
1930.0
2008.0
1934.0
1888.0
1973.0
1899.0
1986.0
2009.0
1879.0
2001.0
2047.0
1885.0
1968.0
1956.0
1908.0
1999.0
1903.0
1903.0
2022.0
1885.0
1885.0
1982.0
1879.0
1930.0
1933.0
1857.0
1983.0
1968.0
1879.0
1978.0
1893.0
1854.0
2008.0
1893.0
1906.0
2009.0
1881.0
1911.0
2017.0
1871.0
1911.0
1933.0
1849.0
1942.0
1943.0
1889.0
2004.0
1955.0
1862.0
2008.0
1925.0
1875.0
1969.0
1898.0
1893.0
1978.0
1906.0
1969.0
1996.0
1871.0
1978.0
2008.0
1943.0
1991.0
1946.0
1919.0
1996.0
1885.0
1929.0
2017.0
1925.0
1978.0
1995.0
1921.0
1978.0
1959.0
1849.0
1925.0
1915.0
1885.0
2012.0
1948.0
1939.0
2100.0
2330.0
4543.0
8233.0
10775.0
11899.0
14822.0
18708.0
20711.0
22111.0
24984.0
27787.0
28999.0
30402.0
32762.0
34658.0
35529.0
35329.0
36502.0
38074.0
37449.0
37047.0
37710.0
37371.0
36671.0
36656.0
36507.0
35955.0
35408.0
35103.0
34835.0
34411.0
33558.0
33184.0
32749.0
32233.0
31850.0
31343.0
30891.0
30214.0
29879.0
29534.0
28830.0
28614.0
28414.0
27316.0
27030.0
27349.0
26220.0
25671.0
25681.0
24968.0
24537.0
24049.0
23603.0
23214.0
22703.0
22238.0
22115.0
21810.0
21134.0
20899.0
20427.0
19964.0
19835.0
19407.0
18743.0
18580.0
18238.0
17528.0
17302.0
17021.0
16691.0
16303.0
15751.0
15381.0
15070.0
14802.0
14613.0
14208.0
13626.0
13419.0
13138.0
12614.0
12277.0
11939.0
11648.0
11399.0
10904.0
10684.0
10396.0
9827.0
9631.0
9507.0
9054.0
8546.0
8250.0
8082.0
7717.0
7356.0
7052.0
6773.0
6432.0
6065.0
5809.0
5624.0
5201.0
4795.0
4611.0
4296.0
3899.0
3696.0
3397.0
2978.0
2737.0
2443.0
2063.0
1877.0
1573.0
1157.0
1085.0
637.0
529.0
172.0
825.0
530.0
974.0
151.0
441.0
445.0
265.0
550.0
271.0
474.0
228.0
515.0
8756.0
13898.0
5398.0
8353.0
3236.0
364.0
4631.0
2966.0
627.0
1171.0
2968.0
1431.0
2491.0
2957.0
1668.0
1842.0
2458.0
1841.0
1864.0
2265.0
2015.0
1913.0
2096.0
2161.0
2130.0
1795.0
1966.0
2252.0
2031.0
2010.0
1949.0
1957.0
2226.0
2084.0
1894.0
2078.0
2052.0
2026.0
2035.0
1996.0
2184.0
2087.0
1868.0
2116.0
2100.0
1938.0
1992.0
1988.0
1988.0
2070.0
1975.0
1956.0
2027.0
2004.0
1943.0
1906.0
2057.0
2105.0
1943.0
1986.0
2117.0
1961.0
1961.0
2083.0
1996.0
2057.0
2008.0
1961.0
2128.0
2051.0
1943.0
2012.0
2031.0
1943.0
2004.0
1969.0
1991.0
2017.0
1924.0
1999.0
2004.0
1951.0
2021.0
1919.0
1934.0
2013.0
1915.0
1982.0
1964.0
1903.0
2035.0
2008.0
1911.0
1978.0
1934.0
1906.0
2043.0
1867.0
1898.0
2026.0
1925.0
1902.0
2018.0
1925.0
1928.0
1956.0
1898.0
2039.0
1938.0
1834.0
2022.0
1906.0
1884.0
1977.0
1892.0
1915.0
1952.0
1826.0
1898.0
1969.0
1830.0
1865.0
1952.0
1866.0
1929.0
1894.0
1826.0
1921.0
1924.0
1862.0
1965.0
1964.0
1912.0
1821.0
1995.0
1844.0
1852.0
1977.0
1820.0
1867.0
1969.0
1916.0
1942.0
1871.0
1912.0
1964.0
1848.0
1982.0
1943.0
1861.0
1999.0
1943.0
1919.0
2008.0
1862.0
1939.0
2008.0
1919.0
1902.0
2000.0
1866.0
1939.0
2009.0
1908.0
1961.0
1906.0
1848.0
1938.0
1906.0
1912.0
2004.0
1916.0
1884.0
1983.0
1879.0
1942.0
1942.0
1861.0
1956.0
1911.0
1999.0
1840.0
1885.0
1919.0
1908.0
1908.0
1991.0
1871.0
1875.0
1959.0
1948.0
1946.0
2030.0
1876.0
1908.0
1930.0
1952.0
1802.0
1969.0
1933.0
1844.0
1982.0
1942.0
1929.0
2012.0
1898.0
1894.0
1955.0
1861.0
1933.0
1992.0
1885.0
1964.0
2017.0
1929.0
2004.0
1948.0
1884.0
1987.0
1942.0
1925.0
1956.0
1854.0
1881.0
1938.0
1852.0
1943.0
1992.0
1921.0
1969.0
1908.0
1861.0
1929.0
1919.0
1867.0
1977.0
1929.0
1903.0
2034.0
1889.0
1875.0
1995.0
1906.0
1875.0
1943.0
1861.0
1903.0
1912.0
1816.0
1908.0
1943.0
1885.0
1951.0
1881.0
1816.0
2005.0
1929.0
1889.0
2008.0
1925.0
1955.0
2008.0
1825.0
1925.0
2113.0
2410.0
4569.0
8296.0
10924.0
12223.0
15224.0
18868.0
20945.0
22500.0
25082.0
27788.0
29492.0
31057.0
32629.0
34807.0
35395.0
35196.0
36521.0
37712.0
37039.0
36980.0
37343.0
36892.0
36626.0
36418.0
36441.0
36036.0
35319.0
34869.0
34721.0
34181.0
33710.0
33430.0
32627.0
32045.0
31843.0
31222.0
30819.0
30494.0
29668.0
29024.0
28929.0
28869.0
27790.0
27120.0
27220.0
26751.0
26057.0
25846.0
25388.0
24922.0
24211.0
23651.0
23495.0
23212.0
22723.0
22311.0
21976.0
21616.0
21358.0
20988.0
20181.0
19883.0
19723.0
19091.0
18744.0
18580.0
18230.0
17663.0
17275.0
17055.0
16659.0
16297.0
16048.0
15487.0
15159.0
15137.0
14527.0
14138.0
13847.0
13554.0
13297.0
12738.0
12313.0
12040.0
11701.0
11363.0
11054.0
10678.0
10243.0
9997.0
9664.0
9354.0
9099.0
8535.0
8275.0
8123.0
7707.0
7407.0
7128.0
6746.0
6452.0
6243.0
5844.0
5539.0
5235.0
4908.0
4658.0
4263.0
3948.0
3744.0
3381.0
2927.0
2904.0
2419.0
2185.0
1912.0
1532.0
1324.0
1156.0
483.0
483.0
219.0
561.0
283.0
992.0
729.0
254.0
424.0
377.0
561.0
411.0
198.0
336.0
3308.0
12228.0
12435.0
5778.0
5862.0
4416.0
3814.0
1929.0
1842.0
1921.0
1826.0
2231.0
2479.0
2101.0
1974.0
2294.0
2236.0
1934.0
2157.0
2028.0
1949.0
2180.0
2189.0
2222.0
2088.0
1909.0
2164.0
2109.0
1931.0
1996.0
2084.0
2134.0
2101.0
2002.0
2109.0
1996.0
2044.0
2121.0
2065.0
2028.0
2058.0
2122.0
2099.0
1894.0
2027.0
2048.0
1868.0
2108.0
2083.0
1848.0
1952.0
2078.0
2061.0
2052.0
1988.0
2052.0
2096.0
2008.0
2060.0
2044.0
1943.0
2095.0
1991.0
1906.0
2057.0
2005.0
1946.0
2095.0
1982.0
2014.0
2120.0
1919.0
1939.0
2025.0
1942.0
2051.0
1948.0
1938.0
2051.0
1991.0
2030.0
2061.0
1925.0
2030.0
1987.0
1925.0
2044.0
1977.0
1964.0
2008.0
1938.0
2048.0
2043.0
1881.0
1952.0
2000.0
1912.0
1948.0
1969.0
1934.0
2013.0
1881.0
1906.0
2052.0
1867.0
1871.0
2025.0
1884.0
2008.0
2030.0
1844.0
1906.0
1938.0
1875.0
1925.0
1885.0
1834.0
1982.0
1884.0
1867.0
2038.0
1911.0
1867.0
1995.0
1867.0
1898.0
1925.0
1884.0
1939.0
1925.0
1848.0
1933.0
1939.0
1875.0
1884.0
2008.0
1826.0
1982.0
1908.0
1946.0
1794.0
2022.0
1848.0
1969.0
1875.0
1875.0
1991.0
1852.0
1912.0
1942.0
1867.0
1969.0
1952.0
1899.0
1978.0
1925.0
1857.0
2009.0
1889.0
1879.0
1982.0
1861.0
1902.0
1996.0
1871.0
1959.0
1969.0
1893.0
1978.0
1925.0
1879.0
2014.0
1934.0
1867.0
1986.0
1925.0
1955.0
1978.0
1893.0
1929.0
1965.0
1888.0
1956.0
1965.0
1879.0
2040.0
2012.0
1942.0
1992.0
1912.0
1925.0
2021.0
1889.0
1964.0
2009.0
1844.0
1925.0
1933.0
1821.0
1959.0
1978.0
1879.0
1959.0
1920.0
1844.0
1942.0
1899.0
1888.0
1996.0
1912.0
1893.0
2001.0
1903.0
1995.0
1982.0
1867.0
1991.0
1988.0
1857.0
1955.0
1902.0
1866.0
1986.0
1906.0
1925.0
2017.0
1921.0
1912.0
2043.0
1978.0
1952.0
1946.0
1899.0
2069.0
1955.0
1889.0
1978.0
1911.0
1906.0
2005.0
1912.0
1879.0
2038.0
1948.0
1952.0
1996.0
1935.0
2014.0
1921.0
1849.0
1987.0
1919.0
1898.0
2001.0
1951.0
1933.0
2008.0
1906.0
1942.0
1964.0
1898.0
1951.0
1973.0
1903.0
1982.0
1944.0
2210.0
3350.0
6613.0
10429.0
12125.0
14051.0
17577.0
20508.0
22128.0
24403.0
27346.0
29343.0
30423.0
32321.0
34316.0
35706.0
35451.0
36232.0
37986.0
37385.0
36956.0
37882.0
37281.0
36700.0
36533.0
36329.0
36140.0
35928.0
35260.0
34698.0
34472.0
34009.0
33420.0
32766.0
32414.0
31861.0
31224.0
30930.0
30552.0
29975.0
29579.0
29395.0
28858.0
28423.0
27628.0
26999.0
26945.0
26476.0
26058.0
25590.0
25187.0
24951.0
24326.0
23752.0
23415.0
22826.0
22621.0
22339.0
21746.0
21303.0
21017.0
20654.0
20184.0
19735.0
19390.0
19074.0
18455.0
18363.0
18205.0
17531.0
17086.0
16816.0
16448.0
16119.0
15814.0
15470.0
15182.0
14725.0
14237.0
13913.0
13713.0
13251.0
12720.0
12599.0
12407.0
11887.0
11526.0
11251.0
10927.0
10390.0
9928.0
9886.0
9540.0
8965.0
8709.0
8428.0
8099.0
7778.0
7416.0
7186.0
6919.0
6527.0
6315.0
6044.0
5636.0
5235.0
4935.0
4653.0
4343.0
3992.0
3774.0
3417.0
2949.0
2786.0
2599.0
2176.0
2080.0
1695.0
1031.0
1242.0
1018.0
628.0
406.0
801.0
536.0
695.0
974.0
187.0
481.0
102.0
296.0
271.0
208.0
491.0
1617.0
10641.0
13536.0
1509.0
7613.0
4446.0
2924.0
3361.0
2588.0
748.0
2189.0
2419.0
1819.0
2506.0
2399.0
1804.0
2268.0
2002.0
1971.0
2223.0
1989.0
2066.0
2061.0
1971.0
2182.0
1917.0
1974.0
2177.0
1944.0
2049.0
2088.0
1821.0
2049.0
2173.0
2026.0
1996.0
2091.0
2116.0
2084.0
2001.0
1947.0
2018.0
2125.0
2087.0
1882.0
2079.0
2126.0
1893.0
1988.0
2064.0
2100.0
1956.0
1973.0
2018.0
1920.0
2044.0
2005.0
2082.0
1952.0
2044.0
1926.0
1925.0
2077.0
2070.0
2108.0
2051.0
2051.0
2064.0
2077.0
1916.0
1969.0
2073.0
1964.0
2001.0
1999.0
1973.0
2005.0
1911.0
1898.0
2065.0
1987.0
1929.0
2021.0
1946.0
1929.0
2066.0
1925.0
1995.0
2018.0
1928.0
2043.0
1969.0
1902.0
2004.0
1969.0
1964.0
1952.0
1898.0
1956.0
2056.0
1826.0
1906.0
1986.0
1871.0
1938.0
1987.0
1928.0
1991.0
1977.0
1893.0
1951.0
1867.0
1898.0
2025.0
1830.0
1854.0
2000.0
1820.0
1929.0
1969.0
1889.0
1974.0
1987.0
1848.0
1951.0
1929.0
1848.0
1959.0
1893.0
1898.0
2014.0
1884.0
1912.0
2008.0
1946.0
1898.0
1902.0
1955.0
1898.0
1959.0
1981.0
1857.0
1925.0
1862.0
1987.0
1925.0
1943.0
2017.0
1816.0
1861.0
1992.0
1811.0
1919.0
2008.0
1881.0
1999.0
1995.0
