0.001 10
1904.0
2040.0
2041.0
2028.0
2096.0
2015.0
2050.0
2067.0
1922.0
2024.0
2049.0
2005.0
2057.0
1954.0
1954.0
2063.0
1944.0
1952.0
2024.0
1936.0
1975.0
2041.0
1939.0
2005.0
2018.0
1886.0
2007.0
1988.0
1904.0
2046.0
1909.0
1918.0
2020.0
1909.0
1949.0
2057.0
1905.0
1944.0
1958.0
1878.0
1968.0
1944.0
1941.0
2033.0
1954.0
1909.0
2050.0
1975.0
1931.0
1984.0
1899.0
1963.0
2041.0
1926.0
2014.0
2014.0
1892.0
2001.0
2007.0
1932.0
2007.0
1936.0
1909.0
2014.0
1926.0
1919.0
2058.0
1939.0
1953.0
2027.0
1936.0
1975.0
2005.0
1887.0
1935.0
1919.0
1888.0
2059.0
1975.0
1966.0
2054.0
1919.0
1966.0
2024.0
1872.0
1945.0
2001.0
1932.0
1998.0
1975.0
1919.0
2033.0
1959.0
1904.0
2011.0
1923.0
1962.0
2027.0
1932.0
2015.0
1988.0
1909.0
1922.0
1989.0
1909.0
1998.0
1989.0
1918.0
2020.0
1994.0
1931.0
2015.0
1976.0
1989.0
2020.0
1891.0
1954.0
2005.0
1901.0
2015.0
1985.0
1950.0
2037.0
1932.0
1926.0
2015.0
1918.0
1953.0
2037.0
1882.0
1944.0
2076.0
1928.0
1935.0
1985.0
1936.0
2010.0
1992.0
1966.0
2001.0
1931.0
1918.0
2019.0
1958.0
1968.0
2028.0
1909.0
1941.0
1994.0
1899.0
1975.0
1988.0
1939.0
2037.0
1985.0
1949.0
2062.0
1962.0
1922.0
2037.0
1918.0
1945.0
2037.0
1909.0
2020.0
1988.0
1909.0
2037.0
2019.0
1944.0
2033.0
1949.0
1931.0
2053.0
1968.0
1944.0
2031.0
1984.0
2062.0
2011.0
1888.0
2011.0
2068.0
2830.0
3873.0
6467.0
7831.0
7580.0
8893.0
11104.0
11677.0
11973.0
14324.0
15429.0
15791.0
17727.0
19028.0
19455.0
20615.0
22366.0
23544.0
24383.0
25816.0
27120.0
27305.0
26554.0
26533.0
26702.0
26528.0
26624.0
26893.0
26739.0
26570.0
26735.0
27042.0
26807.0
26628.0
26655.0
26930.0
26743.0
26618.0
26960.0
26823.0
26691.0
26918.0
26803.0
26747.0
26698.0
26830.0
27003.0
26743.0
26912.0
27140.0
26950.0
27127.0
26849.0
26650.0
26750.0
26912.0
26917.0
26729.0
26903.0
26943.0
26764.0
26852.0
26905.0
26900.0
26872.0
26964.0
26971.0
27082.0
26804.0
26824.0
26833.0
27059.0
26972.0
26793.0
26809.0
27008.0
27060.0
26913.0
26959.0
26982.0
26984.0
26675.0
26869.0
27079.0
26759.0
26895.0
27016.0
26698.0
26811.0
27232.0
27048.0
26489.0
21079.0
6512.0
9465.0
3593.0
6990.0
4578.0
6695.0
1123.0
3837.0
1875.0
298.0
1944.0
607.0
2576.0
1749.0
1771.0
2057.0
349.0
1545.0
1131.0
594.0
1121.0
276.0
594.0
431.0
341.0
291.0
757.0
193.0
727.0
278.0
452.0
200.0
375.0
260.0
523.0
257.0
468.0
243.0
375.0
301.0
243.0
328.0
3700.0
12565.0
11972.0
6523.0
5133.0
4646.0
4444.0
2634.0
3809.0
2174.0
2381.0
3885.0
562.0
1898.0
3096.0
1565.0
2077.0
2237.0
1990.0
2046.0
2056.0
2216.0
2138.0
3855.0
3855.0
3084.0
3084.0
3083.0
3083.0
3084.0
3083.0
3083.0
3083.0
3083.0
3083.0
3083.0
3083.0
3083.0
3083.0
3083.0
3083.0
3083.0
3083.0
3083.0
3083.0
3083.0
3083.0
3083.0
3083.0
3083.0
3083.0
3082.0
3083.0
3082.0
3082.0
3082.0
3082.0
3082.0
3082.0
3082.0
3082.0
3082.0
3082.0
3082.0
3082.0
3082.0
3082.0
3082.0
3082.0
3082.0
3082.0
3082.0
3082.0
3082.0
3081.0
3082.0
3081.0
3081.0
3082.0
3081.0
3081.0
3081.0
