0.001 10
46132
58298
47347
34630
27671
27735
32872
24057
40461
54991
56124
24278
29860
32828
30590
28804
35118
49206
58642
41056
35113
31267
21061
32472
29075
42980
56434
51752
32398
22605
30915
32053
24397
37667
51704
57214
33104
33201
32576
27191
31065
32232
46203
58442
46852
35047
28528
27603
32938
24597
40501
54925
55776
24766
29178
32636
30749
28702
35169
49403
58924
40760
35383
31698
20841
32665
29143
43276
57131
52141
32601
22217
30996
32322
24772
37867
52376
58007
33226
33458
32882
27241
31129
32426
46299
58419
46894
46892
28258
27377
32902
24791
40549
54892
55803
23373
29677
32495
30371
28627
