0.001 10
26132.0
38298.0
27347.0
14630.0
7671.0
7735.0
12872.0
4057.0
20461.0
34991.0
36124.0
4278.0
9860.0
12828.0
10590.0
8804.0
15118.0
29206.0
38642.0
21056.0
15113.0
11267.0
1061.0
12472.0
9075.0
22980.0
36434.0
31752.0
12398.0
2605.0
10915.0
12053.0
4397.0
17667.0
31704.0
37214.0
13104.0
13201.0
12576.0
7191.0
11065.0
12232.0
26203.0
38442.0
26852.0
15047.0
8528.0
7603.0
12938.0
4597.0
20501.0
34925.0
35776.0
4766.0
9178.0
12636.0
10749.0
8702.0
15169.0
29403.0
38924.0
20760.0
15383.0
11698.0
841.0
12665.0
9143.0
23276.0
37131.0
32141.0
12601.0
2217.0
10996.0
12322.0
4772.0
17867.0
32376.0
38007.0
13226.0
13458.0
12882.0
7241.0
11129.0
12426.0
26299.0
38419.0
26894.0
26892.0
8258.0
7377.0
12902.0
4791.0
20549.0
34892.0
35803.0
3373.0
9677.0
12495.0
10371.0
8627.0
