0.001 10
4373.0
20307.0
27097.0
13316.0
6776.0
4839.0
20387.0
26908.0
13141.0
6107.0
4778.0
20382.0
26990.0
13051.0
6376.0
4831.0
20346.0
26931.0
12983.0
6564.0
4591.0
20382.0
26941.0
13135.0
6547.0
4764.0
20437.0
26971.0
12935.0
6505.0
4556.0
20360.0
27234.0
13435.0
7242.0
4516.0
20498.0
26713.0
12760.0
5770.0
4497.0
20295.0
26809.0
12714.0
6471.0
4650.0
20449.0
26749.0
12499.0
5797.0
4531.0
20275.0
26848.0
13040.0
6564.0
4721.0
20414.0
26915.0
13016.0
6374.0
4652.0
20384.0
27035.0
13001.0
6551.0
4564.0
20434.0
26736.0
13175.0
6089.0
5124.0
20408.0
27004.0
13101.0
6444.0
4595.0
20412.0
27091.0
13633.0
6838.0
5004.0
20490.0
26789.0
13004.0
6155.0
4941.0
20441.0
26682.0
12748.0
5919.0
4665.0
20352.0
26762.0
12929.0
6241.0
4850.0
20435.0
26776.0
12828.0
6187.0
