0.001 10
54373
70307
77097
63316
56776
54839
70387
76908
63141
56107
54778
70382
76990
63051
56376
54831
70346
76931
62983
56564
54591
70382
76941
63135
56547
54764
70437
76971
62935
56505
54556
70360
77234
63435
57242
54516
70498
76713
62760
55770
54497
70295
76809
62714
56471
54650
70449
76749
62499
55797
54531
70275
76848
63040
56564
54721
70414
76915
63016
56374
54652
70384
77035
63001
56551
54564
70434
76736
63175
56089
55124
70408
77004
63101
56444
54595
70412
77091
63633
56838
55004
70490
76789
63004
56155
54941
70441
76682
62748
55919
54665
70352
76762
62929
56241
54850
70435
76776
62828
56187
