0.001 10
1084.0
5535.0
3587.0
3487.0
3597.0
820.0
2725.0
10240.0
18457.0
27602.0
30859.0
28917.0
23072.0
7896.0
8139.0
4544.0
4925.0
4868.0
3521.0
6314.0
897.0
5551.0
3589.0
3590.0
3554.0
868.0
2683.0
10235.0
18148.0
27208.0
30534.0
27982.0
22661.0
8339.0
8373.0
4445.0
4379.0
4525.0
3453.0
6012.0
514.0
5437.0
3443.0
3597.0
3433.0
991.0
2520.0
10237.0
18147.0
27129.0
30379.0
27970.0
22666.0
8212.0
8312.0
4947.0
4777.0
4768.0
3495.0
6015.0
831.0
5365.0
3492.0
3393.0
3454.0
900.0
2653.0
10329.0
18522.0
27679.0
30881.0
28621.0
23038.0
8187.0
8303.0
4744.0
4885.0
4822.0
3439.0
6252.0
1007.0
5488.0
3589.0
3442.0
3568.0
718.0
2706.0
10183.0
18203.0
27215.0
30414.0
28489.0
22595.0
7676.0
7895.0
4598.0
4820.0
4757.0
3504.0
6094.0
