0.001 10
769.0
605.0
362.0
298.0
518.0
681.0
597.0
545.0
595.0
777.0
911.0
834.0
777.0
892.0
990.0
950.0
729.0
635.0
764.0
764.0
604.0
554.0
528.0
729.0
614.0
404.0
226.0
635.0
750.0
473.0
273.0
390.0
638.0
704.0
545.0
462.0
473.0
603.0
595.0
473.0
499.0
597.0
769.0
604.0
32.0
346.0
645.0
691.0
535.0
402.0
473.0
643.0
667.0
564.0
414.0
528.0
691.0
627.0
455.0
370.0
471.0
661.0
627.0
442.0
491.0
553.0
603.0
546.0
283.0
501.0
684.0
691.0
452.0
442.0
578.0
735.0
578.0
312.0
452.0
603.0
785.0
635.0
273.0
110.0
553.0
667.0
553.0
372.0
546.0
713.0
719.0
390.0
322.0
508.0
734.0
675.0
414.0
372.0
526.0
658.0
464.0
226.0
229.0
491.0
668.0
704.0
1091.0
2579.0
4227.0
4331.0
5165.0
6688.0
7374.0
8231.0
8730.0
9177.0
9714.0
9991.0
9914.0
9519.0
8913.0
8297.0
7563.0
6754.0
6063.0
5275.0
4344.0
4344.0
2481.0
1822.0
632.0
1059.0
1338.0
1279.0
277.0
804.0
483.0
849.0
575.0
589.0
105.0
274.0
406.0
302.0
313.0
290.0
583.0
406.0
216.0
520.0
199.0
348.0
211.0
412.0
475.0
168.0
486.0
312.0
439.0
604.0
582.0
175.0
363.0
346.0
439.0
256.0
339.0
493.0
302.0
277.0
402.0
193.0
475.0
1152.0
2395.0
3879.0
4281.0
3540.0
3317.0
2398.0
124.0
1607.0
659.0
694.0
1369.0
661.0
1331.0
763.0
661.0
1177.0
919.0
793.0
805.0
866.0
861.0
627.0
638.0
721.0
756.0
697.0
535.0
433.0
484.0
629.0
578.0
444.0
473.0
743.0
855.0
627.0
644.0
814.0
987.0
874.0
667.0
777.0
918.0
859.0
501.0
471.0
697.0
684.0
491.0
414.0
394.0
638.0
777.0
554.0
412.0
491.0
621.0
627.0
322.0
301.0
528.0
668.0
553.0
422.0
414.0
635.0
697.0
553.0
390.0
380.0
691.0
756.0
473.0
326.0
572.0
704.0
621.0
412.0
442.0
564.0
412.0
713.0
301.0
667.0
412.0
394.0
675.0
361.0
690.0
704.0
554.0
674.0
404.0
561.0
720.0
651.0
480.0
380.0
561.0
820.0
572.0
357.0
361.0
681.0
704.0
464.0
372.0
578.0
691.0
535.0
271.0
412.0
570.0
726.0
621.0
435.0
372.0
635.0
777.0
603.0
301.0
452.0
667.0
578.0
528.0
455.0
394.0
595.0
651.0
414.0
335.0
635.0
1055.0
2231.0
3936.0
4283.0
5070.0
6598.0
7223.0
8065.0
8596.0
9078.0
9782.0
10036.0
9957.0
9662.0
9079.0
8438.0
7760.0
6978.0
6157.0
5342.0
4482.0
4482.0
2734.0
1714.0
911.0
790.0
1061.0
1137.0
612.0
711.0
679.0
849.0
374.0
723.0
552.0
745.0
523.0
638.0
32.0
297.0
323.0
486.0
374.0
132.0
357.0
274.0
111.0
348.0
168.0
532.0
233.0
462.0
439.0
248.0
193.0
424.0
428.0
248.0
406.0
188.0
452.0
105.0
359.0
416.0
82.0
477.0
297.0
1010.0
2203.0
3673.0
4349.0
3706.0
3331.0
2769.0
73.0
965.0
1477.0
969.0
1143.0
1038.0
682.0
1410.0
645.0
734.0
995.0
835.0
806.0
614.0
614.0
819.0
785.0
714.0
500.0
714.0
769.0
357.0
82.0
444.0
653.0
627.0
433.0
480.0
757.0
933.0
834.0
714.0
798.0
990.0
866.0
691.0
764.0
859.0
846.0
658.0
545.0
553.0
720.0
681.0
404.0
273.0
614.0
729.0
651.0
462.0
508.0
784.0
798.0
508.0
414.0
349.0
614.0
698.0
545.0
357.0
627.0
756.0
553.0
412.0
412.0
668.0
777.0
604.0
338.0
370.0
684.0
681.0
361.0
372.0
471.0
713.0
681.0
322.0
214.0
564.0
691.0
538.0
139.0
372.0
553.0
658.0
561.0
312.0
435.0
681.0
713.0
589.0
310.0
435.0
627.0
570.0
357.0
226.0
471.0
729.0
698.0
390.0
271.0
580.0
719.0
570.0
349.0
361.0
720.0
690.0
473.0
357.0
442.0
698.0
629.0
425.0
370.0
597.0
690.0
614.0
370.0
322.0
473.0
614.0
404.0
370.0
1092.0
2500.0
3790.0
4082.0
5337.0
6699.0
6894.0
8077.0
8688.0
8942.0
9764.0
10093.0
9912.0
9629.0
9118.0
8457.0
7774.0
6971.0
6116.0
5363.0
4536.0
4536.0
2778.0
1803.0
581.0
661.0
1452.0
1180.0
215.0
592.0
665.0
946.0
787.0
962.0
314.0
745.0
188.0
275.0
339.0
416.0
193.0
240.0
466.0
359.0
547.0
168.0
450.0
371.0
211.0
231.0
156.0
511.0
615.0
132.0
476.0
261.0
233.0
346.0
0.0
467.0
486.0
80.0
256.0
277.0
392.0
445.0
328.0
259.0
1557.0
3122.0
4299.0
4008.0
3438.0
3223.0
1528.0
199.0
1473.0
322.0
211.0
1437.0
309.0
1063.0
1086.0
729.0
950.0
734.0
914.0
990.0
668.0
452.0
564.0
886.0
704.0
273.0
444.0
614.0
714.0
538.0
271.0
335.0
597.0
714.0
627.0
603.0
756.0
914.0
779.0
652.0
681.0
939.0
950.0
729.0
614.0
713.0
772.0
564.0
271.0
444.0
691.0
713.0
455.0
312.0
518.0
698.0
652.0
554.0
382.0
493.0
713.0
620.0
394.0
394.0
635.0
720.0
493.0
226.0
357.0
553.0
658.0
528.0
310.0
435.0
704.0
621.0
310.0
226.0
538.0
712.0
614.0
511.0
491.0
719.0
772.0
564.0
426.0
484.0
597.0
645.0
553.0
335.0
538.0
742.0
706.0
561.0
491.0
691.0
720.0
491.0
404.0
361.0
589.0
707.0
444.0
312.0
508.0
736.0
720.0
444.0
357.0
652.0
735.0
564.0
370.0
412.0
691.0
799.0
528.0
444.0
508.0
645.0
690.0
357.0
310.0
390.0
778.0
713.0
455.0
372.0
553.0
707.0
667.0
1768.0
3461.0
4019.0
4736.0
6341.0
6785.0
7615.0
8613.0
8709.0
9465.0
10103.0
10062.0
9888.0
9400.0
8726.0
8182.0
7368.0
6444.0
5690.0
4921.0
4922.0
3110.0
2182.0
1143.0
256.0
1364.0
1479.0
453.0
424.0
988.0
532.0
1186.0
541.0
859.0
501.0
466.0
228.0
92.0
300.0
476.0
259.0
325.0
277.0
404.0
348.0
130.0
486.0
615.0
130.0
435.0
259.0
297.0
188.0
404.0
462.0
337.0
277.0
524.0
509.0
350.0
392.0
228.0
371.0
439.0
384.0
465.0
199.0
1064.0
2510.0
3994.0
4305.0
3588.0
3349.0
2374.0
232.0
1245.0
1190.0
1252.0
1644.0
819.0
714.0
1261.0
770.0
983.0
806.0
770.0
1001.0
866.0
614.0
520.0
743.0
901.0
651.0
518.0
553.0
621.0
564.0
444.0
357.0
528.0
668.0
690.0
603.0
578.0
866.0
971.0
832.0
736.0
944.0
971.0
820.0
658.0
538.0
712.0
691.0
471.0
404.0
674.0
713.0
493.0
298.0
422.0
627.0
629.0
442.0
491.0
471.0
645.0
704.0
452.0
372.0
433.0
681.0
658.0
484.0
312.0
442.0
635.0
603.0
412.0
322.0
561.0
713.0
553.0
473.0
538.0
742.0
720.0
553.0
298.0
382.0
652.0
638.0
455.0
382.0
627.0
756.0
620.0
404.0
501.0
726.0
713.0
464.0
357.0
546.0
741.0
658.0
402.0
414.0
570.0
690.0
604.0
335.0
257.0
491.0
586.0
564.0
283.0
338.0
580.0
629.0
518.0
372.0
404.0
651.0
704.0
491.0
442.0
538.0
684.0
553.0
372.0
271.0
463.0
614.0
518.0
361.0
283.0
603.0
791.0
1139.0
2528.0
4197.0
4429.0
5497.0
6784.0
7134.0
8222.0
8795.0
9190.0
9917.0
10146.0
9992.0
9515.0
1758.0
8946.0
723.0
8394.0
1186.0
7617.0
1348.0
6731.0
1168.0
6037.0
329.0
5314.0
1032.0
5314.0
662.0
3364.0
994.0
2502.0
488.0
32.0
160.0
476.0
290.0
291.0
302.0
567.0
199.0
450.0
188.0
261.0
199.0
168.0
328.0
310.0
82.0
259.0
248.0
357.0
371.0
188.0
465.0
458.0
80.0
328.0
130.0
396.0
404.0
82.0
400.0
130.0
493.0
495.0
760.0
1790.0
3373.0
4370.0
3875.0
3444.0
3053.0
1116.0
757.0
1482.0
753.0
721.0
1497.0
322.0
1261.0
926.0
861.0
1038.0
644.0
835.0
983.0
764.0
528.0
545.0
847.0
658.0
414.0
