0.001 10
1116.0
188.0
1881.0
735.0
1433.0
827.0
1683.0
785.0
806.0
827.0
719.0
508.0
1322.0
603.0
860.0
784.0
595.0
578.0
721.0
852.0
756.0
595.0
691.0
926.0
841.0
681.0
714.0
820.0
945.0
734.0
589.0
674.0
879.0
820.0
578.0
508.0
736.0
834.0
658.0
422.0
518.0
846.0
756.0
511.0
412.0
667.0
834.0
621.0
425.0
589.0
741.0
719.0
621.0
518.0
572.0
691.0
484.0
322.0
402.0
614.0
793.0
658.0
484.0
561.0
667.0
668.0
444.0
491.0
643.0
713.0
597.0
444.0
471.0
604.0
713.0
589.0
301.0
382.0
667.0
706.0
492.0
338.0
501.0
734.0
713.0
561.0
578.0
668.0
742.0
643.0
425.0
346.0
589.0
742.0
545.0
404.0
484.0
681.0
638.0
473.0
499.0
661.0
691.0
614.0
473.0
422.0
603.0
691.0
433.0
288.0
433.0
698.0
741.0
471.0
271.0
491.0
756.0
668.0
501.0
412.0
614.0
690.0
652.0
528.0
742.0
720.0
1262.0
1953.0
1037.0
1338.0
2598.0
2155.0
1993.0
2928.0
3097.0
2965.0
3276.0
3603.0
3847.0
3943.0
4246.0
4134.0
4078.0
4075.0
4092.0
4130.0
4042.0
4045.0
4114.0
4079.0
4031.0
4077.0
4069.0
4024.0
4046.0
4053.0
4083.0
4051.0
4000.0
4024.0
3998.0
4035.0
4017.0
4021.0
4031.0
4003.0
3943.0
3943.0
3989.0
2629.0
1963.0
2059.0
2229.0
2664.0
2092.0
3134.0
606.0
2319.0
1273.0
1078.0
944.0
374.0
659.0
328.0
672.0
458.0
586.0
475.0
541.0
583.0
82.0
402.0
624.0
1845.0
3364.0
4421.0
3912.0
3392.0
3141.0
1236.0
1087.0
1447.0
570.0
1326.0
247.0
1250.0
1020.0
500.0
977.0
589.0
735.0
939.0
651.0
571.0
785.0
958.0
743.0
553.0
681.0
835.0
736.0
545.0
589.0
785.0
880.0
714.0
564.0
763.0
950.0
867.0
691.0
756.0
806.0
777.0
589.0
564.0
736.0
892.0
799.0
553.0
627.0
832.0
777.0
538.0
611.0
668.0
834.0
847.0
492.0
553.0
799.0
790.0
611.0
491.0
499.0
784.0
712.0
471.0
444.0
690.0
806.0
572.0
444.0
491.0
706.0
769.0
572.0
361.0
520.0
819.0
756.0
501.0
414.0
684.0
750.0
627.0
444.0
578.0
764.0
691.0
390.0
414.0
712.0
777.0
645.0
578.0
620.0
667.0
741.0
589.0
425.0
627.0
798.0
681.0
526.0
471.0
734.0
846.0
603.0
484.0
597.0
772.0
691.0
528.0
412.0
611.0
734.0
681.0
518.0
580.0
735.0
719.0
545.0
414.0
597.0
741.0
668.0
518.0
433.0
564.0
764.0
595.0
433.0
570.0
957.0
939.0
866.0
1895.0
1809.0
963.0
2196.0
2639.0
1743.0
2494.0
3220.0
2906.0
3129.0
3571.0
3753.0
3800.0
4229.0
4280.0
3981.0
4075.0
4154.0
4105.0
4029.0
4069.0
4141.0
4110.0
3985.0
4050.0
4096.0
4055.0
4058.0
4074.0
4039.0
4008.0
4045.0
4043.0
4025.0
4016.0
4011.0
4018.0
4009.0
4004.0
3974.0
3980.0
4008.0
3621.0
1716.0
1124.0
2635.0
1950.0
3669.0
3389.0
1680.0
3131.0
1257.0
1900.0
1043.0
944.0
216.0
575.0
175.0
541.0
105.0
130.0
529.0
175.0
501.0
80.0
598.0
1220.0
2505.0
4068.0
4308.0
3574.0
3421.0
2304.0
255.0
1322.0
1517.0
500.0
1447.0
939.0
1472.0
691.0
1944.0
391.0
589.0
785.0
644.0
806.0
778.0
669.0
690.0
867.0
944.0
719.0
658.0
772.0
860.0
645.0
595.0
748.0
875.0
784.0
603.0
621.0
872.0
945.0
691.0
564.0
564.0
785.0
847.0
698.0
627.0
834.0
841.0
674.0
491.0
627.0
799.0
793.0
627.0
589.0
785.0
832.0
578.0
580.0
661.0
846.0
713.0
501.0
520.0
681.0
777.0
652.0
499.0
520.0
704.0
735.0
589.0
491.0
681.0
825.0
674.0
455.0
538.0
772.0
854.0
603.0
462.0
546.0
814.0
734.0
501.0
501.0
544.0
713.0
643.0
442.0
435.0
720.0
764.0
627.0
455.0
578.0
866.0
668.0
394.0
404.0
690.0
785.0
564.0
404.0
414.0
595.0
690.0
508.0
462.0
553.0
674.0
712.0
462.0
464.0
741.0
854.0
719.0
491.0
564.0
825.0
712.0
480.0
442.0
604.0
719.0
578.0
357.0
538.0
691.0
674.0
712.0
790.0
635.0
1724.0
2005.0
779.0
1757.0
2659.0
1908.0
2248.0
3148.0
3033.0
2898.0
3394.0
3797.0
3857.0
3964.0
4220.0
4253.0
3957.0
3948.0
4249.0
4062.0
3882.0
4124.0
4178.0
4053.0
4065.0
4066.0
4023.0
4030.0
4052.0
4061.0
4035.0
4005.0
4045.0
4067.0
4046.0
4037.0
4029.0
4014.0
4006.0
4028.0
3988.0
3982.0
3870.0
1692.0
2087.0
2144.0
1646.0
3207.0
567.0
2945.0
1827.0
1880.0
1499.0
328.0
1096.0
416.0
615.0
624.0
188.0
256.0
818.0
630.0
493.0
424.0
216.0
259.0
732.0
1912.0
3410.0
3900.0
4442.0
3411.0
3164.0
963.0
383.0
2017.0
620.0
895.0
1725.0
926.0
1658.0
841.0
260.0
1055.0
832.0
793.0
561.0
357.0
855.0
875.0
580.0
554.0
653.0
886.0
846.0
501.0
578.0
847.0
901.0
668.0
500.0
676.0
811.0
785.0
698.0
586.0
814.0
827.0
652.0
611.0
742.0
841.0
764.0
645.0
668.0
872.0
811.0
614.0
661.0
729.0
852.0
597.0
553.0
604.0
790.0
690.0
570.0
390.0
544.0
784.0
704.0
404.0
370.0
674.0
756.0
518.0
462.0
518.0
658.0
742.0
570.0
390.0
471.0
735.0
690.0
491.0
412.0
570.0
798.0
658.0
444.0
538.0
742.0
762.0
491.0
390.0
528.0
777.0
652.0
442.0
394.0
627.0
704.0
545.0
414.0
357.0
661.0
704.0
564.0
380.0
518.0
769.0
719.0
518.0
412.0
627.0
735.0
595.0
425.0
404.0
614.0
769.0
668.0
484.0
586.0
735.0
595.0
326.0
390.0
589.0
720.0
668.0
553.0
553.0
706.0
720.0
554.0
580.0
938.0
834.0
1481.0
1929.0
900.0
1780.0
2678.0
2092.0
2095.0
3067.0
2946.0
3083.0
3443.0
3689.0
3725.0
4038.0
4290.0
4164.0
3963.0
4045.0
4260.0
4101.0
3954.0
4102.0
4172.0
4077.0
4044.0
4041.0
3999.0
4013.0
4073.0
4062.0
4030.0
4035.0
4024.0
4027.0
4023.0
4031.0
4063.0
4018.0
3982.0
3992.0
3965.0
3994.0
3835.0
704.0
1704.0
2562.0
810.0
4046.0
2609.0
2658.0
3127.0
890.0
1927.0
1018.0
988.0
640.0
563.0
522.0
739.0
400.0
780.0
248.0
614.0
248.0
389.0
285.0
1004.0
2219.0
3663.0
4412.0
3747.0
3378.0
2828.0
289.0
1189.0
1354.0
1753.0
139.0
1324.0
847.0
1748.0
800.0
414.0
826.0
1069.0
785.0
414.0
734.0
841.0
793.0
627.0
555.0
756.0
880.0
793.0
528.0
651.0
866.0
841.0
667.0
597.0
867.0
931.0
645.0
603.0
764.0
872.0
741.0
480.0
635.0
866.0
874.0
684.0
518.0
681.0
900.0
814.0
635.0
493.0
762.0
785.0
712.0
501.0
645.0
764.0
720.0
425.0
288.0
561.0
720.0
637.0
462.0
554.0
735.0
713.0
462.0
198.0
544.0
769.0
652.0
484.0
455.0
668.0
806.0
652.0
492.0
546.0
741.0
697.0
520.0
473.0
580.0
777.0
704.0
546.0
484.0
597.0
806.0
645.0
480.0
553.0
735.0
691.0
444.0
394.0
501.0
734.0
675.0
394.0
422.0
652.0
806.0
604.0
414.0
444.0
734.0
712.0
578.0
528.0
674.0
756.0
627.0
394.0
471.0
741.0
681.0
484.0
370.0
484.0
668.0
651.0
480.0
455.0
580.0
748.0
635.0
402.0
435.0
939.0
832.0
1173.0
2117.0
1462.0
1091.0
2493.0
2267.0
1891.0
2866.0
3040.0
2993.0
3245.0
3644.0
3832.0
3940.0
4185.0
4173.0
4153.0
3979.0
4136.0
4243.0
4020.0
4014.0
4169.0
4125.0
4065.0
4086.0
4024.0
3994.0
4058.0
4104.0
4087.0
4057.0
4051.0
4039.0
4007.0
4004.0
4065.0
4057.0
4027.0
4010.0
4007.0
3983.0
3971.0
2960.0
2210.0
1244.0
2631.0
3135.0
2528.0
3741.0
1183.0
2695.0
1958.0
1408.0
1201.0
630.0
462.0
357.0
483.0
323.0
450.0
199.0
567.0
105.0
555.0
302.0
824.0
1404.0
2692.0
4214.0
4263.0
3521.0
3392.0
