0.001 10
275.0
693.0
931.0
685.0
168.0
493.0
738.0
695.0
467.0
531.0
567.0
697.0
574.0
838.0
1939.0
4287.0
5368.0
4288.0
2835.0
2720.0
502.0
2208.0
475.0
192.0
580.0
1025.0
502.0
976.0
873.0
628.0
1027.0
564.0
382.0
596.0
784.0
814.0
596.0
578.0
681.0
840.0
644.0
414.0
435.0
629.0
635.0
484.0
435.0
444.0
676.0
729.0
586.0
500.0
734.0
805.0
611.0
553.0
480.0
500.0
867.0
720.0
382.0
611.0
620.0
674.0
564.0
229.0
538.0
785.0
750.0
372.0
322.0
621.0
720.0
681.0
508.0
301.0
668.0
805.0
610.0
675.0
597.0
643.0
825.0
480.0
553.0
805.0
778.0
661.0
651.0
404.0
511.0
861.0
901.0
846.0
2576.0
4247.0
4833.0
4117.0
6040.0
7406.0
6194.0
6656.0
7298.0
5789.0
4399.0
3974.0
3021.0
2051.0
1454.0
919.0
454.0
712.0
509.0
641.0
483.0
139.0
531.0
328.0
302.0
465.0
231.0
350.0
614.0
662.0
502.0
359.0
486.0
672.0
581.0
231.0
216.0
415.0
992.0
493.0
1094.0
3135.0
4927.0
5093.0
3542.0
2651.0
2207.0
1768.0
1706.0
545.0
413.0
840.0
644.0
764.0
1087.0
579.0
713.0
1009.0
729.0
555.0
653.0
907.0
721.0
512.0
545.0
661.0
779.0
589.0
473.0
444.0
644.0
777.0
597.0
390.0
390.0
645.0
676.0
404.0
229.0
404.0
734.0
784.0
500.0
414.0
704.0
757.0
729.0
597.0
313.0
667.0
690.0
463.0
426.0
273.0
578.0
832.0
597.0
192.0
553.0
627.0
661.0
691.0
110.0
404.0
861.0
742.0
382.0
484.0
681.0
827.0
690.0
538.0
382.0
698.0
855.0
658.0
452.0
404.0
873.0
756.0
1926.0
4162.0
4348.0
4498.0
5860.0
7230.0
6666.0
6392.0
7184.0
6409.0
4725.0
3913.0
3324.0
2118.0
1284.0
1154.0
724.0
450.0
881.0
242.0
702.0
374.0
608.0
256.0
105.0
804.0
647.0
272.0
493.0
654.0
788.0
538.0
350.0
416.0
678.0
502.0
300.0
291.0
1027.0
193.0
937.0
2513.0
4695.0
5247.0
3862.0
2773.0
2459.0
1234.0
1963.0
669.0
156.0
699.0
800.0
682.0
1116.0
743.0
456.0
990.0
861.0
561.0
667.0
501.0
805.0
800.0
473.0
444.0
635.0
690.0
561.0
159.0
322.0
621.0
734.0
570.0
528.0
589.0
690.0
834.0
578.0
404.0
729.0
827.0
698.0
229.0
130.0
805.0
926.0
535.0
452.0
491.0
463.0
535.0
658.0
463.0
578.0
645.0
658.0
538.0
402.0
452.0
629.0
635.0
464.0
704.0
553.0
518.0
611.0
322.0
603.0
455.0
790.0
651.0
658.0
538.0
645.0
748.0
484.0
442.0
620.0
770.0
1207.0
3316.0
4274.0
4474.0
5375.0
6871.0
6804.0
6647.0
7412.0
6825.0
5147.0
4330.0
3690.0
2250.0
1407.0
1327.0
892.0
277.0
781.0
730.0
493.0
760.0
465.0
277.0
259.0
641.0
688.0
337.0
350.0
738.0
467.0
823.0
710.0
357.0
324.0
752.0
632.0
424.0
842.0
1131.0
1152.0
2346.0
4503.0
5370.0
3861.0
2769.0
2556.0
1119.0
2136.0
758.0
336.0
805.0
611.0
327.0
1228.0
800.0
445.0
901.0
763.0
912.0
669.0
512.0
748.0
811.0
681.0
520.0
501.0
611.0
734.0
578.0
226.0
394.0
553.0
690.0
614.0
357.0
402.0
734.0
681.0
866.0
674.0
518.0
554.0
313.0
380.0
382.0
444.0
526.0
861.0
643.0
793.0
570.0
404.0
370.0
473.0
535.0
707.0
675.0
462.0
444.0
492.0
667.0
651.0
462.0
372.0
473.0
668.0
667.0
652.0
473.0
572.0
748.0
651.0
645.0
603.0
691.0
820.0
719.0
452.0
527.0
853.0
1909.0
3986.0
4525.0
4888.0
6115.0
7203.0
6466.0
6519.0
7280.0
6123.0
4457.0
4010.0
3408.0
1926.0
1371.0
1365.0
665.0
661.0
851.0
168.0
654.0
638.0
514.0
212.0
139.0
641.0
656.0
428.0
445.0
581.0
839.0
730.0
414.0
372.0
548.0
600.0
548.0
259.0
1161.0
240.0
1147.0
3001.0
5004.0
5098.0
3444.0
