0.0001 10
684.0
658.0
668.0
645.0
697.0
712.0
861.0
714.0
690.0
995.0
881.0
669.0
756.0
1786.0
4013.0
4757.0
4453.0
5532.0
7275.0
6650.0
6433.0
7089.0
5870.0
4288.0
3998.0
3014.0
1808.0
1454.0
1156.0
581.0
633.0
486.0
493.0
541.0
105.0
474.0
617.0
549.0
638.0
445.0
275.0
665.0
850.0
573.0
414.0
724.0
788.0
592.0
228.0
231.0
242.0
803.0
374.0
1272.0
3316.0
4896.0
5021.0
3431.0
2659.0
2097.0
1950.0
1542.0
651.0
159.0
1027.0
707.0
868.0
1009.0
538.0
919.0
1019.0
508.0
704.0
764.0
764.0
690.0
310.0
553.0
764.0
734.0
508.0
426.0
578.0
784.0
690.0
444.0
484.0
620.0
721.0
589.0
433.0
382.0
763.0
793.0
629.0
463.0
570.0
676.0
586.0
511.0
614.0
589.0
756.0
635.0
338.0
526.0
772.0
681.0
554.0
301.0
511.0
881.0
819.0
572.0
444.0
603.0
790.0
720.0
491.0
380.0
704.0
950.0
742.0
572.0
564.0
736.0
854.0
645.0
589.0
764.0
990.0
659.0
512.0
2427.0
4253.0
4329.0
4586.0
6061.0
7078.0
6302.0
6595.0
7165.0
5876.0
4455.0
3924.0
2963.0
1963.0
1574.0
1206.0
557.0
748.0
650.0
746.0
630.0
424.0
242.0
275.0
723.0
716.0
372.0
541.0
823.0
890.0
514.0
424.0
589.0
665.0
573.0
285.0
382.0
346.0
1137.0
865.0
1561.0
3476.0
5146.0
4723.0
3188.0
2746.0
1583.0
2012.0
1043.0
644.0
227.0
1063.0
988.0
571.0
638.0
719.0
1019.0
690.0
1014.0
861.0
395.0
805.0
931.0
349.0
512.0
714.0
652.0
572.0
426.0
511.0
764.0
757.0
545.0
370.0
414.0
741.0
800.0
484.0
444.0
645.0
784.0
726.0
402.0
338.0
855.0
832.0
139.0
174.0
273.0
742.0
938.0
518.0
273.0
444.0
620.0
958.0
614.0
301.0
719.0
777.0
589.0
635.0
473.0
572.0
681.0
462.0
674.0
769.0
894.0
805.0
301.0
668.0
933.0
825.0
779.0
734.0
668.0
1024.0
938.0
553.0
1342.0
3875.0
4862.0
4713.0
5375.0
7134.0
6861.0
6250.0
6709.0
6213.0
4708.0
3714.0
3100.0
2299.0
1301.0
1014.0
859.0
325.0
661.0
329.0
716.0
523.0
359.0
248.0
348.0
760.0
844.0
337.0
384.0
839.0
890.0
600.0
447.0
600.0
679.0
529.0
372.0
179.0
762.0
650.0
710.0
1899.0
4095.0
5217.0
4377.0
3007.0
2705.0
906.0
2120.0
410.0
757.0
443.0
1020.0
721.0
1055.0
976.0
500.0
1019.0
1027.0
571.0
681.0
779.0
763.0
553.0
832.0
298.0
707.0
512.0
463.0
721.0
589.0
712.0
793.0
538.0
511.0
645.0
645.0
586.0
455.0
528.0
779.0
920.0
603.0
349.0
611.0
892.0
784.0
346.0
402.0
526.0
892.0
976.0
139.0
370.0
814.0
834.0
707.0
452.0
390.0
713.0
793.0
735.0
433.0
645.0
784.0
735.0
652.0
493.0
905.0
924.0
603.0
661.0
635.0
741.0
860.0
546.0
652.0
892.0
852.0
772.0
1473.0
3590.0
4690.0
4532.0
4940.0
7178.0
7048.0
6132.0
6975.0
6405.0
4599.0
3931.0
3304.0
2241.0
1408.0
1068.0
962.0
371.0
994.0
582.0
384.0
638.0
844.0
374.0
624.0
899.0
795.0
328.0
541.0
502.0
738.0
823.0
437.0
300.0
754.0
665.0
323.0
495.0
1047.0
652.0
1054.0
2481.0
4578.0
5278.0
3865.0
2833.0
2528.0
1285.0
1963.0
527.0
646.0
841.0
555.0
743.0
1212.0
807.0
527.0
938.0
926.0
887.0
764.0
473.0
779.0
814.0
586.0
586.0
651.0
751.0
697.0
473.0
370.0
500.0
667.0
597.0
433.0
435.0
645.0
721.0
603.0
361.0
578.0
635.0
621.0
712.0
298.0
412.0
825.0
480.0
611.0
611.0
32.0
726.0
756.0
382.0
480.0
554.0
712.0
785.0
433.0
499.0
621.0
578.0
819.0
382.0
326.0
811.0
757.0
784.0
564.0
742.0
1000.0
675.0
528.0
675.0
814.0
811.0
742.0
675.0
785.0
1051.0
1431.0
3238.0
4679.0
4565.0
4696.0
7032.0
7069.0
